-1374.9074569356944
-235.74013009110246
-222.54311427760635
-131.93890615493282
-188.05195910395727
-169.12558592843104
-118.60991873835908
-196.00341379045557
-139.90848384014646
-127.96965591982053
-198.59469474136682
-130.18339447750304
-150.07329394848006
-193.00372018383607
-53.52258387147036
-42.07527454231101
-175.06426338331502
-106.75088242189094
-189.58864893948623
-158.7775184960243
-113.72944816166455
-196.2091969027346
-133.6515970527791
-158.29023024627804
-199.71401728432897
-117.67748197530726
-155.66466265549542
-186.2347958473671
-109.45967552644119
-177.38146351480233
-172.83125278733598
-113.14623173992703
-190.1588630064195
-150.29563855849287
-124.59723523631564
-199.30136657648313
-134.21457829340426
-140.26575863868695
-197.75823521315007
-229.90218944561565
-222.31884123508647
-184.7118419711375
-116.0743765194107
-181.11016798008922
-164.2889266705494
-110.77771891715707
-189.44563264656267
-143.11468305320258
-137.66426578727945
-198.83535019787627
